#Taichung Net Precipitation [mm] (max: 2004/7)
 -20.0    3.7  -17.3  412.0  -67.7  414.2  -34.6  572.1   -1.8 -108.0  -80.5  -63.8 
 -30.2  -24.7  -46.5  -36.6  -73.0  193.0   20.0    7.7   23.0  -71.7  -49.9  -19.9 
 -21.8  118.9  110.8  212.2   68.5    5.4  178.5  177.9   55.8  -89.9  -67.8  -50.3 
 -36.2  -62.9   49.6   31.4   98.5  220.7  -20.4   30.9  -90.4 -115.7  -24.4  -68.9 
 -22.4   77.1   43.3  -59.3  218.1  109.9  361.6  420.9   17.3  -81.7  -68.6  -42.8 
 -48.4   40.2   25.8  -22.1    5.4  280.5  297.6    3.7  -67.0 -100.5  -83.0  -71.5 
 -66.1  -23.3  -26.6  130.0  315.6  -50.3  187.0  350.0  -69.0  -87.0  -74.5  -69.2 
 -41.8   19.2  110.5  -57.0  136.1  569.1   50.7  332.0   11.9  -94.9  -82.3  -54.6 
  68.3  324.2   89.6  100.5   29.7  418.5  -89.0  152.8   -2.8   36.1  -79.9  -24.5 
 -51.5  -73.4  -27.8  -80.4  173.0   97.8  280.8  189.9  -20.0  -80.5  -79.1  -18.4 
 -37.4  174.7  -50.2  248.6  -89.5  125.5  247.5  278.1  -94.3  -50.3  -42.5    8.0 
  27.2  -62.9  -42.7  132.2  178.3  101.8  240.5  108.7  475.0  -91.2  -73.2  -50.4 
 -35.6  -73.0  -72.0 -105.2  142.4   85.1  243.1   45.2   85.2  -80.1  -82.0   -1.4 
 -35.8  -52.2  -47.8   63.0  -18.5  188.1  -21.8   61.2  -88.8 -110.7  -87.4  -82.8 
 -50.0    6.7   -5.1   31.2   31.9  -55.9  900.8  351.1   60.5 -115.8  -76.8  -22.0 
 -41.3  100.3  140.6  -52.1  496.2  465.8  227.3  243.7   46.3  -90.8  -79.5  -52.4 
 -38.4  -55.5    1.0  126.0  210.6  673.4  202.1   -3.1   30.4 -110.3   22.2  -19.8 
 -12.6  -46.2   11.4   47.8   45.6  637.9  -96.9  408.7  215.3  188.4  -58.9  -55.4 
 -49.9  -23.0  -58.6  -58.8  217.5   79.8  789.6  -77.1  743.2  -84.2  -58.1  -57.9 
 -74.7  -79.0   77.3  211.9 -105.0  311.4  -36.7  724.4   10.9  -99.9  -65.7  -45.4 
 -28.7   63.5  -66.3   77.1   37.1  439.3  348.9   93.5  233.4 -105.8  -57.2  -41.5 
 -27.0  -40.1  -53.7  -97.2   -6.5   30.1  178.8  149.1  -11.9  -94.8   83.4  -27.5 
   0.4   22.1  -47.1  156.6  151.2  222.4   85.6  631.6  -90.9 -117.3   86.1   16.4 
 -51.2  -74.6  -28.3  188.0  267.1  -43.2  342.0  661.7  -73.9 -128.7  -51.5    7.7 
 -69.8  -20.5  -22.5  -95.7  586.1   67.0    6.3  157.4  -70.7 -118.9  -81.1  -26.0 
 -59.0  -53.0  -62.7  -90.7  564.1  -74.9  -61.0  265.9   66.0  -84.8  -83.2   -8.8 
 155.1  -38.9  133.8   97.3  -20.9  121.8   42.2   70.7   45.5  -64.1   12.5  -63.3 
 -64.8  -44.2  -44.1  -10.3    1.7  808.8  205.5  -49.7  -95.3  -58.2  -59.8  -61.8 
  48.7  -39.3  -65.8  -81.4  -78.8  111.5  242.0  315.9 -109.1 -126.7  -70.2  -87.8 
 -61.3  -79.7   96.7    9.3  441.2  390.8   61.8  699.7   35.3 -105.7 -101.1   15.3 
 -69.0  -77.5  -50.6  -41.2  185.3   61.7  -43.7  165.9  -37.5 -132.4  -87.8  -39.9 
 -69.9  -60.9  -80.0 -110.2   87.6  556.9   21.1  707.1  -62.0  -93.4  -74.1  -58.7 
 -36.6   65.6   62.9  -73.0  403.3  155.4  -21.2  172.5  -30.3  -91.7  -63.4  -58.0 
 -72.7  -78.1  -92.6   87.5   62.3   55.8   78.1  212.5  175.0  -47.2  -96.8  -56.1 
